0.71394531588169141134159 0.03137699929332810055982
0.62333180976780844240182 0.68638572453844548526547
0.46061433164051979183284 0.20177690515763063716648
0.20709279244765557703722 0.44887562074892756180944
0.89047364256403616078472 0.74293573170808790973041
0.29540467379710116935243 0.64354223385374842436590
0.65718432836002094177275 0.80545878692644301555248
0.54370074186278860572941 0.82573523561070072407375
0.31386847196757300393344 0.75150955139359398859966
0.45971874026011888547671 0.17641739722889560049168
0.71545543109595444164484 0.20499597350528722672358
0.31112579205534929283061 0.94644469190571423045100
0.85410914329129450361933 0.34080230557598467644453
0.49931571391328488651595 0.99308600619864462188957
0.24691853284899853426815 0.92273858029614619358227
0.15096897946402015877609 0.80361434266160269856982
0.40342773567846956783711 0.25600899298543305926401
0.66807202617156924429054 0.95040077691001612070210
0.31000985381722301337248 0.20184965548685293579290
0.61151842361264918679353 0.55399712102274878411379
0.72351286892435773268062 0.37313184365908180772919
0.46426697153292106889921 0.79797731650962522298443
0.50616911913812623335929 0.51717399065716695982786
0.65188424855812154845580 0.75956955365660561163565
0.25194844757101564347579 0.06550849467139997772680
0.40494964992664622682739 0.65936445491315986977554
0.68139719006380727872596 0.48669839536932812951164
0.48492673624548371380527 0.78304842679264352600654
0.94392024554596565266706 0.13546310142174647350721
0.48892826397168515084601 0.76069948287784050489080
0.15199035069745125969831 0.96268222748167575630873
0.37595449464004560002905 0.51309144867201583739558
0.93311572757556038304472 0.53946935153321073919130
0.61135037253942148272046 0.79056220607143401490902
0.14678078190369231448287 0.67403975182176700808867
0.71376163208140042115701 0.96844337144185599353108
0.06305496367651493294648 0.26374292587531078524421
0.84534568327649539654089 0.29034385811886159745043
0.48661498162973915171392 0.16474776943089619596350
0.12604382622592358309532 0.31231792925733287136225
0.67594498043470130355104 0.59949933930094723155690
0.37966938844488634652308 0.56503225546391266931323
0.82146979962434274469274 0.20478551134645464615325
0.72940741351109916745799 0.43874012401077444600617
0.39616562399819493789366 0.43559433377190681646596
0.05564413344842335934493 0.93518362541368971196931
0.64888451348666664753040 0.22123081334086983074094
0.12690445929993687812498 0.93471106214215182728111
0.51982601112606585669340 0.59982805126280769325575
0.47552731845260992615820 0.77052152479788260652782
0.95637898446009250719158 0.65989716261529929308693
0.01708453397589737576823 0.48989585167653493247286
0.08874306781702345769958 0.20224875622639618133469
0.76516134503962540680533 0.05374278478592301594441
0.46185824614625592410277 0.68653581485440617893090
0.36923575864947288938112 0.38136814044468342332905
0.02727686216641779168302 0.19826155571151177214873
0.42996033398006527903590 0.97609615974636854129898
0.15278688700408765699379 0.71488508056163624360124
0.35612934638293070044313 0.38509810451007481235663
0.43815465042145468332890 0.52656302406186028530755
0.37904157808093819070905 0.48687480850419656563943
0.63520971704578810257402 0.86169771046082510590480
0.07453506843512158752674 0.64601219787734764921083
0.26210613760730022692158 0.16824063062727934170226
0.82485700712059562000888 0.42431377001272391202846
0.93722648978845801703841 0.44397381738038016463221
0.84809130990968151220244 0.32830286769793892709401
0.08990474757942414074652 0.66246103870251349388099
0.76220535565150016044100 0.35161794952622843490886
0.99585284151508601802050 0.09678646452450447024152
0.64714317799951037724071 0.95244505014071834114731
0.28110716471965280227607 0.79315888218472763160349
0.75780229833015966267595 0.76541271456675530338032
0.03086585662383820038990 0.72667128688996651675325
0.78869520297648521012235 0.29670030641994371567449
0.38455089940974018780651 0.44944936499812704333578
0.06804642063177374078364 0.82696168284744109300277
0.19459899055560545000354 0.82941181415030740264882
0.52211198808263759030268 0.13232520283412793626887
0.36833351005908365749519 0.39134792360359316187868
0.72240041365511342696948 0.31152998317585911536298
0.66753644186302008023404 0.65008225481586845440063
0.29917351135067743461704 0.05940278416861326238330
0.96025151478075132516210 0.29538913533538591060790
0.79603078902859236709588 0.72472353812316070431621
0.30298264884023701215554 0.03413505317975340513925
0.18731620281375455094874 0.38795797176668644912212
0.08440715539260786048903 0.36837222269903324711748
0.76533431412617014544253 0.95961267875668831983660
0.20654842112102986262379 0.49894921550353493744367
0.27227975933169412670054 0.05810869360540709543939
0.64517947213339155165812 0.33172312413173671297173
0.30089395295270343622107 0.42522868127874041688230
0.47466864875870090623167 0.19894335262775353356801
0.34379796198270723417423 0.25534282728202944978690
0.33728678875867051933923 0.47185756198932521376932
0.57458417224806901391077 0.39307657490890535179062
0.47755889642575138909208 0.74145386062521045911211
0.00148702136240260211417 0.56144585193147633628286
0.13580731380014435250025 0.70495770575729299611822
0.14014800564732141086033 0.46440692795156734984374
0.47702990844629133970756 0.09821406093920211077819
0.60454233519992861545234 0.97542531269560595053036
0.54167542139468272122116 0.81378093992793776312311
0.18691152457171947287584 0.26072428813673242942173
0.10255070411129833807262 0.95208844146488758042324
0.92472552568771815284521 0.06336254057819641627436
0.17786942795235829994915 0.93278380807928118478856
0.45750628452545255564488 0.51920407681673230726460
0.86859697999156382230979 0.75036264084517767525284
0.01572067079957599824991 0.02057024943947038247982
0.64651389513194901237370 0.14138753552621782794141
0.90945339812979308913299 0.80076297316814037952071
0.94344160892743522683901 0.99230574404572347013698
0.05965793242134538598709 0.12046988150038413778464
0.71487713156839938211107 0.43689784784237706283250
0.89488690843167684185744 0.99650795764211275162836
0.57321655023185269506314 0.96385977223528673807351
0.29156917435691204198989 0.61509358994343765747459
0.20646701303751546774379 0.76022804115661712920371
0.27763012704841139033363 0.68112715434975268369300
0.07335344054624652609942 0.03855159729956588593458
0.71325260981288729489336 0.11118805789295979624676
0.30627208937161221058432 0.65149798988779750175127
0.72235447984594902681721 0.17495441624691657200863
0.71381318616630606843643 0.01437027040735186153575
0.55752566857582708248486 0.53920667940653455030287
0.40268332328168110478828 0.75230403312014371142169
0.10278925230643141952580 0.33746572115544942738197
0.61988281876084172505870 0.56593952061759766891669
0.97625639430092392423433 0.65987462324891554832362
0.05938696249757260264834 0.64332050013594199722178
0.84953085560307750601083 0.03126911653140708458043
0.62661130162840472657138 0.10545559434708819124271
0.41185896884234479697895 0.88796264049359907577497
0.45496104266989334519167 0.82637359305754143345979
0.89426553216454252037693 0.40770981107159443013188
0.31007861674089814973954 0.83063348032215456040461
0.67533975256476797000005 0.32680952133900126321819
0.75704657145237130855264 0.85117354175123027815175
0.73774985824538308332166 0.73292944340195576025110
0.69173744207700060826483 0.87414503519598452108141
0.19845805439053212926304 0.99522572084983784712620
0.98815704523083114363402 0.34306585142311818437122
0.08534681274262871653047 0.56667775237502115981414
0.72847581090250679292097 0.27704096739461608889243
0.85316186280671846287049 0.93087274584443147062984
0.65259194153673982796704 0.48133274313936474930742
0.90110994072154493306215 0.59878906788171026853718
0.12858297907934693182774 0.06877851199924192582280
0.25502530918258725645131 0.88507362644718057254067
0.32575164549790919243932 0.79318268014436510426890
0.53346681862430012088794 0.66810796288396967490542
0.79632834345281333643385 0.36115079407779721032412
0.33115922307061462781519 0.21133003401483066441280
0.39375002204266329464133 0.40965247185475278657307
0.58636941884719673279136 0.76856419108920759342141
0.79936480526569297921924 0.44283564667475633358507
0.75975185866111072385820 0.52812686856266000123838
0.18205556244908699392582 0.47064935545147790207920
0.40869209548060381198553 0.70773510982532217283847
0.56532803116025731604566 0.13218727477702507666635
0.12368778029662164108515 0.30707132288708560707846
0.37932133046831162381807 0.94251392599755168255626
0.28389336526060199306087 0.20693033144021011349167
0.52312074968272903596755 0.37465126167145518243373
0.74166139292520427694910 0.04209966754258365889685
0.85533352019554653722366 0.79719796510306828452030
0.09204327929905226080010 0.21569584780665040923964
0.27542973144104854199554 0.48657257084708754879543
0.48551505837897462880548 0.48214308524561200197667
0.76080099978473736399565 0.98392172136879640920171
0.26209182571658573568385 0.15324232935178633274731
0.23781414311316473320090 0.16415655484837241018248
0.73939469049651607157614 0.46037886600729471808791
0.44032712807307694546921 0.63873012713057142342166
0.66930297402383920335467 0.40359610461148948123977
0.32848760972010504488594 0.30438116594421055216557
0.97565826744546335635988 0.84387132410858811670806
0.26306792353650065852122 0.67530518843730724665164
0.06426782358342662815343 0.59092319676635884917459
0.16741645850526370997713 0.86801570204135425345982
0.26670086283422267392496 0.26365780404903066402866
0.44320348629424433095636 0.10758630499426023729992
0.16709346373041589206565 0.36607022843177572379858
0.81746988585318480780018 0.53555964886975426786364
0.94882894093233827170764 0.01168910892766155534828
0.47742809862502333384526 0.49554455053366086580979
0.31946615361661856447029 0.93935013369678299621768
0.97935394516155738209306 0.87695219249812628170559
0.01922787922155622455933 0.87092090344515704636308
0.84119420849177373167294 0.08665191832761741375091
0.46316627342088362295769 0.99340281893944815116981
0.69185203231643022103725 0.21884546857799713759363
0.11353352719593337583071 0.84982655495418146784914
0.33783572886087603892591 0.23646272556601949377253
0.42762667362642459156774 0.11887555087669532394301
0.70055603409327404929030 0.45034889462869215348562
0.67846253055222160988080 0.00248807128305330227044
0.15011425178935994262375 0.38479874247261319775149
0.53274689150713705476647 0.49580911740560534850530
0.54705152123774092309816 0.69657906140838488084910
0.72638652942888537467070 0.04359125082480588830869
0.84445786899213215459525 0.80158439384916768677414
0.45422328730163252785701 0.90416331072420041969906
0.46966887448002353488974 0.88381021262929815307530
0.81859205123874290155328 0.41618636792371455079831
0.52544459901709295035488 0.44515215719132134042368
0.98047696119695471050903 0.21905584439699055110395
0.55173755232501009437840 0.89098018762608188758634
0.96790175722530258362042 0.59101099940432466617324
0.48127843627139110793678 0.07128726134912143075351
0.04301912346431312206274 0.70104297139238380687232
0.54300337946417698287149 0.67947841612118919929486
0.76559609824287533363929 0.21081984705395531709549
0.23195182401805189420507 0.61483837083912085130777
0.15266733316208205839537 0.36005518381086004664482
0.47666726542852067005640 0.41390940666306097472926
0.54276877573663595555331 0.67869699425700646955306
0.71216686979806276269755 0.86643830956353695693650
0.98061841075111144672150 0.44500992352023799325522
0.45852736669043608896956 0.63102501055214799130511
0.28553779272467261218793 0.77660216497633427490399
0.19649866877186414337864 0.39325053070599380600214
0.05551541207280969586479 0.27827186441805629169011
0.57482280081896053314239 0.42445446406421372120832
0.27241862533838584470303 0.78726100392799902571994
0.40691591274203026129541 0.52927804762068519917051
0.33176390901158164803419 0.12637863045234115633164
0.87886540019186554228980 0.07393449605769088217588
0.72139256336534041125219 0.90828669888308000146537
0.15326055199145621754653 0.29437687762313707873219
0.73808479019660833131411 0.01880691445562397007274
0.50625175867411487118375 0.28707703426980357708231
0.52963605485037290598882 0.22732066375545334491193
0.48432632492220417663731 0.94346826227522007091153
0.70329756348465455317864 0.18435501465617309957423
0.95231502706493531551502 0.99166522357561315281771
0.89726414081853267390443 0.93309511040299575324042
0.31933164375456962735811 0.81052415724951154540889
0.33084568716673123933703 0.15424195784932426267488
0.57801219379797119657383 0.95384580939396124144025
0.84513916057034277340421 0.06606946189300820504453
0.42670112617955985312435 0.29949876462016433720237
0.36908887429997572215967 0.71779886870046738511775
0.14270562278287204915905 0.70496492076313599373094
0.62255701930623030815326 0.54715349006600089154517
0.25057397274235526651864 0.09035750242238964335950
0.55554932845132065644123 0.27091538697835876314812
0.24070446301360748364573 0.60582958791677887777638
0.70408363467957013615006 0.04591767930488670212963
0.48745134572142267970207 0.31669759494996979620751
0.83436547737512400946258 0.47991600702006725898130
0.39865625270516868994264 0.63213881582188924390664
0.07359542990295965536607 0.62426609148309353258810
0.58802379751104583149868 0.41996455939421228897857
0.86691975442519386696461 0.38526604301496036875108
0.53014911578426582305923 0.97038306974505716961943
0.37191762782644671725407 0.92083690375826243723623
0.01796707304200249530335 0.35914195873265825076359
0.12951466236982431268210 0.32064154377660486483492
0.35411891554854824093468 0.52886739853031494718039
0.19850809599422442053296 0.13436049212212722303583
0.50758660337339456258832 0.00221690769827389850405
0.25674758882480475108423 0.91064298211651473202721
0.48909650248586067355916 0.66710057698810720783200
0.31417828948990816906317 0.64346889271001606047662
0.29157266274186705024007 0.47971023578570703982393
0.41602529134311133640622 0.78068331101744459221692
0.25972672462977364205017 0.55221035794580330957615
0.81796871765195844350416 0.04850084368047614946651
0.39460295171509351952466 0.20710262650882513280060
0.69749205806551972663954 0.40363804136397507527079
0.00947839065026812553627 0.32193512343149632837225
0.35930300501116307909655 0.31693876808969551062134
0.86093617523097998311954 0.75616931001210307972116
0.65296492076146539496051 0.08009317150724387657235
0.42103766340762110997886 0.21274740105352402119721
0.37078032077392542031902 0.38257233803673995620187
0.09650358955336310606832 0.47996130488726024276858
0.74711452495003172202814 0.41183546169714291274033
0.86934046784111407291107 0.97363563114465945247389
0.85237348966977077857621 0.79256601480767552292406
0.95878245202077372333349 0.68684034056216736185974
0.86906012456129211329880 0.39648317035997671098357
0.74863925147449650321363 0.07932031079046121535558
0.78829861973529080643175 0.75293725772025776876717
0.54157558669348571100954 0.04465116393668840111264
0.15683299065449132769778 0.79431707377852101004123
0.70030361739527813291772 0.18711267214594659580307
0.14424797579602161023971 0.22134705709839599951927
0.62554367293768475821736 0.32109045319385631778175
0.76844819484985760205120 0.18044295106844068787844
0.59776855349184432331100 0.06848749107620256959539
0.82143976140199592705926 0.06850400176767358628727
0.33069454309957740933967 0.01185778772850925276428
0.71833784003274003815420 0.63824914156210377225165
0.80271263737936304760723 0.41073711776141841323096
0.35638252742863557598341 0.06601283483241894567417
0.66821389868812319789981 0.21918934786144914084183
0.97265068959386169478165 0.50314603218631237524505
0.71882916461548629349920 0.36302154824018106893391
0.09624560688109931594347 0.88931681605590306993747
0.09139274527160180794372 0.33793230893147852000880
0.29465864880655640023477 0.73545120345223158331294
0.75893595876027697411104 0.82219533565506353056662
0.33692933333161606546113 0.26858463741881177799797
0.96869586432369225725836 0.54436404639497637525380
0.52869376929101596918059 0.36582356166257551377541
0.25070140905743143466822 0.82670612351324024302812
0.63797618801874833582843 0.94498031581729968753081
0.60941173433852302565583 0.06246888103753556187314
0.31264560989691236869703 0.26173332983467928469778
0.52563661853819620972672 0.49138559657325764362668
0.51020913665383493817984 0.08039170849684371122912
0.97578477290340637217980 0.65221258093863665461498
0.99174249945157511021421 0.31026375431982894381733
0.50940352772443975304384 0.81209689480722879739716
0.25799022374408309143945 0.75489086639208269335910
0.58094043814999085650896 0.03896501146949326449542
0.87713194076182576797152 0.07509694755719852066189
0.45723452252409391149968 0.84762784126592205513617
0.79461403150906628756189 0.76318163585005460713973
0.92581142496255908191927 0.76602098546762498187945
0.31356211981503234742519 0.78622213147561392787566
0.42612102804713664072622 0.72293230769228711274366
0.28740694287107776405676 0.63876382842344670009993
0.84820545470307673330268 0.20595872776752424671010
0.88103433684143905857411 0.74332421230470557826919
0.51705671384786577871040 0.67978851629247605270479
0.27362811289211669274479 0.65606481983807496405348
0.42635226726405145436516 0.20673957561770367474807
0.86187800468767672423809 0.16945533418000854886110
0.61265047224411706139335 0.83528011335871632514483
0.04616447244515577141843 0.28939779757566552742531
0.15800992974878502739244 0.63405890981822732310746
0.82292506088338823744266 0.71053364560096843316472
0.19580166300258275424717 0.15585989681948622664898
0.97215149581968673953014 0.38367094442545396359989
0.38959161266574543480701 0.07344161621125995520476
0.93761844057700838295233 0.72528034600936985842878
0.64803296718901193251838 0.69054960708603407848472
0.62637733323692679210382 0.95633353941613497006813
0.81507999441942480256529 0.01026192501179557826918
0.16946355383506936376214 0.17718628369213509921032
0.15232410635192128456339 0.54180973612822069807038
0.39124271609976762897887 0.48682751901368231939315
0.38288865823844120406250 0.60918549271644317766317
0.54400215214499858529251 0.30915221601338327417352
0.62360911329924739732178 0.70654697786185061136877
0.34661460287757983600443 0.44195565920596235898188
0.32820648266145996396759 0.59374194185816697721947
0.95226380896403117759519 0.70933298462664839956204
0.08428741538350893736098 0.33865571555027518257930
0.25191278241560877138028 0.82687771125850828557446
0.83125759184139436097638 0.70101043703335452761394
0.05215028901971482250266 0.97011069697569474179488
0.94645346549476017106173 0.43780268321551213395182
0.82339747187021006258334 0.02361680196580377352755
0.78182339726608995889023 0.33636081720789434701402
0.05083012435022032232679 0.95473935542994681213713
0.82494126804872802694035 0.79999809142870781375478
0.64082543922763379740104 0.97218737164316104681916
0.79743652661768971157130 0.97613477032536322131051
0.79121332885490069930512 0.80556999572763721140234
0.41704647729745764062059 0.00454758636239321802769
0.27335267923436806780657 0.03713906394325084542318
0.13067317102704067988128 0.23891785538798956944895
0.96297111364598919625024 0.36850249168531901133861
0.99328657007312082249939 0.90399343800793408032490
0.54674329864747839291539 0.62204676672397563041983
0.64755181064813005509251 0.28740266662812191666987
0.27916897374807447818057 0.72694435108339161555335
0.97128829765561364162352 0.31781931016080289253978
0.88640635006081192059924 0.64362290276778233444332
0.72573449167299275419651 0.75707327648217737081637
0.63530574855389310151565 0.35464117676308060111978
0.74999772787562024589647 0.18552391140039176109511
0.98861144058290217895291 0.78378931219266390062472
0.80294371844324463616260 0.87476280350258905915695
0.23180315991059111113692 0.64255171907516950291495
0.98710166226603768269143 0.33752747307426855805090
0.41872616420816949345252 0.40712891302042292229757
0.46774727732387283429816 0.38346729825896608279123
0.66590490509730648760467 0.26560234117675485254750
0.89576994256871567134937 0.73763241180576566424776
0.68420321172824605238105 0.46432004363435258609272
0.61159512345774114105978 0.34549299252612869493007
0.96414154535390506062242 0.80491076148930895683975
0.04024933188815880968914 0.29023416688822739617493
0.80069705802230339841685 0.68679197556483162490082
0.86376601474634173705169 0.52455239833561551066055
0.69285397800963888226278 0.89581835064352433040114
0.83577808132482500624860 0.03464361911188070658474
0.47417752826621029083043 0.88548784687284398664531
0.43701977671339758968472 0.59841007275507274165705
0.52751629311312286940705 0.86428486661130909940454
0.09683706068085129459178 0.36253956322583708038465
0.97995034218349708066143 0.06252682317719768234632
0.27373893444358182724940 0.18048578038948084878434
0.18024572052685408629635 0.52293158609245915524610
0.93558639866461656975360 0.20191585311529197666047
0.29116411755730581267798 0.77476549182916465419169
0.14859959900477884287007 0.87285194026687829005340
0.76706949852565486924760 0.42625264416243913156990
0.53159566561817483965058 0.30806662201392043254344
0.14787399266596934488405 0.69844081670406632511572
0.55542722337743399840804 0.21843105013424357618845
0.07022551332042087368634 0.25260209831216573483914
0.35541647122566044636471 0.82485772783810662467374
0.30345591000425675698438 0.74553231535034469867895
0.36814250796410491473054 0.58508643336329402284690
0.91419844413233630753268 0.78447229867302681327601
0.11423128437244721433697 0.15701928597190070724388
0.52641810645655728873038 0.51921749608115519425411
0.34153825523696351718073 0.06593911854029539665323
0.40270928133994199349388 0.31264152419716789710336
0.61116604558427034543655 0.86969240750641829684753
0.03915819160976663493301 0.54484799986603971166943
0.19019557095553177306080 0.52578632142356729328725
0.89298123127161455059309 0.98224412993070808752805
0.76089746770419042221079 0.44641983115802991166632
0.05691660087618879981797 0.82329238633686574466708
0.72846138222293710384747 0.34325529589148728870640
0.44837838659769813087763 0.96582692762403310471342
0.02832421470203783792075 0.38524417085463019683189
0.72379402227548983450589 0.43547181813156332630399
0.76337940551920935305930 0.74759735941486282762014
0.52679537565585354830233 0.20719280622139957248606
0.66183872454935888107741 0.21508042621522396875555
0.94933146517456123980594 0.05929380069410875725433
0.37690381085475571643073 0.58737557956509167667036
0.90638396197006398935514 0.77555578205493014287697
0.44577562082204824633891 0.88725854597787345845461
0.45485252423031258262043 0.45116341650872660018479
0.43146270370141975858402 0.03952857697469113612554
0.82969790295622680709187 0.30776111544672440922810
0.72227587060637599147839 0.61954156185152187141796
0.78468891895514691903202 0.35909334652306323931725
0.14000385981832200177344 0.22248116282027044499081
0.52934804330567086783077 0.19807142083930967535466
0.22546326382594705783902 0.78316774868289118494147
0.56692975897253505834783 0.10020088814341673866259
0.95057726652974328107604 0.39058902312500803910567
0.33708479920173772814707 0.58985553885901687021232
0.33078977850324459142328 0.19788047131548755497299
0.24153551235245562800458 0.98637990191607793910578
0.79956290029432297572498 0.42029959123809312870890
0.45521945453298945372111 0.18738128448909868728478
0.52031448976105143522375 0.26119997296470343073338
0.06763184960682543100940 0.68867187690043496495207
0.21650118517357974656790 0.53214883766848042334630
0.11896301495143453419434 0.10131252999139324366684
0.30348474022120514037582 0.65582286733140027212841
0.57568599578386703274901 0.09518444533446229760543
0.95066398904899274135971 0.19307910166708608379338
0.43056191365412727067863 0.84893750974562720568173
0.82768037681462147681088 0.12955784466894113005075
0.54658228393206809148097 0.01227665815383725128607
0.97701502924660565962967 0.94235204217065415832622
0.54851592798929182936973 0.19024079150509703994842
0.67497280186045471861433 0.32045622203329854338349
0.62012146923571365153549 0.29356369349978800320500
0.77668489247975180944650 0.78963440936763340527449
0.55261137437618024215169 0.14253573093125496140665
0.88332411198154725529008 0.08330036469480099625695
0.96322616401880523095969 0.94417412329380090429964
0.35847713776717976541519 0.20317418061441500087838
0.84605848121456284083308 0.75872928743726109068746
0.97210315956203285914228 0.68200752466695413467335
0.90555257996917104534873 0.34818590690202572135448
0.28332291697699724108972 0.82382929067981480741878
0.56376660519025179052477 0.00920310287598388558628
0.54903918697578912855306 0.83709901435102052058568
0.65890542536792606753693 0.92392749795573214655064
0.51957791912273565415603 0.73587646789802840796568
0.90154800243280830418513 0.14338085059325508807682
0.84529994996189983247348 0.52723587203682620305756
0.03317783717971864443363 0.91841694869778600640586
0.40855267276160878164859 0.33004844707827163396985
0.10944886817232506170949 0.97025426755869881301209
0.91203319942168015188599 0.20278070270631301519337
0.21562547955244340536218 0.74147668581068704174442
0.95893696073070966434670 0.13448863578631969906141
0.62545310047405389131114 0.52258961295178518735582
0.49559254701772031959095 0.89821748494448228061771
0.42824430182755990337284 0.02703025820715020469120
0.56347772846195487428389 0.52548779096424247381236
0.23271246155845287661990 0.06716028139722397816147
0.55340130094884887324014 0.29319043763709118355365
0.07959121873053175144630 0.67001220112672488227190
0.59042219445748178596745 0.55787747695041700612961
0.25011742297781935917556 0.63993752099301159930178
0.50229352789476178209327 0.44122609126226547404670
0.21340325100751200704252 0.00101145812423889262972
0.93371115970885065760143 0.30627908345314963645123
0.93280859561304019234029 0.76961708896915592692523
0.47748123995826807774989 0.82713891978848552710701
0.94250280721855950183397 0.94446908417082098274875
0.38167932671128484978240 0.11548199739335877900270
0.75111739610869132643955 0.58052785159485476018659
0.78616567529605163588968 0.52884905101770807167583
0.22779758688027229585060 0.89451193689484354010233
0.56057560863649513738238 0.95315156585856308790738
0.58937981170324105217873 0.24712664666662131907060
0.55746296192940869573818 0.68851737541362700856240
0.25828283719919936656240 0.97965928863346041222115
0.92379351939874398969010 0.65681256189481473928282
0.37630815036575837595478 0.41755684996097686134675
0.84361713151340544936119 0.96279199267224691016764
0.69300634336468980301049 0.83978467031870751569045
0.29659780821486880775240 0.09808704380324628768761
0.78695595652602523539798 0.20952646310310521493570
0.16936197986474574306293 0.31716370456318465631540
0.37018330766391577268948 0.71056211989048689847692
0.01923937130112166396523 0.69403962697503851497771
0.98780978380863637688947 0.82263014110011523083443
0.26972052393442069728735 0.07285309447305557406516
0.98104714800081083136973 0.00149932889896754327659
0.85503022737883616066767 0.01926383947395840859351
0.44294779228934066939161 0.05206505961989705416615
0.07439301922347620055209 0.34310360205355716622933
0.70934366157944639397215 0.04091590401193759274356
0.04665569945468394513766 0.85047631126584466443319
0.21244867162218697420606 0.61272523778381338122045
0.84096362168503135947617 0.76488437511883800024037
0.30360207586026749515540 0.79444276374478750568642
0.96237293665007783705079 0.12318038765904593123679
0.02619173423200328587601 0.87014209223792859937419
0.96884242231264861011653 0.85729673970071507138613
0.79864482650975965327689 0.78507767071359324528856
0.93247296810806790112736 0.22240556605096190034843
0.69843934130914275826285 0.45503709190413765828254
0.12241704032306549576603 0.12957281318750601961654
0.33877003154169132992379 0.27672248816866107379298
0.03689874399842931612659 0.37493991445915259008714
0.26493642475975603955973 0.53797175649741868497244
0.62097749461543894078375 0.67233237494902231556893
0.31693078709021771377508 0.12713905921564974677018
0.24902067828323651288436 0.68998710180506883649088
0.32458244242394368450633 0.55629293854695505139318
0.75578880306974938196873 0.42122494336855675900466
0.40603666850751890526894 0.79031205829898787396104
0.97865855076512275889655 0.00281312204710695238502
0.13736566247463227741221 0.38128417066364383991584
0.19424559200298371908211 0.88815448182533274223971
0.76830769737694981635912 0.31687179710358504003409
0.84796444842164120370143 0.35271868031200792614754
0.92825262278942655136404 0.00733147879947744669782
0.47167246713200888796891 0.52373975823805374307796
0.26327069819916953941075 0.24259509681306992701089
0.59508458333070635148943 0.06058100118743574291624
0.97823909184826030038806 0.54995498564522438122992
0.00796016847721968921758 0.66954754848118336330032
0.35500186616394452387979 0.27711781145526082070774
0.94132293046711579265207 0.90614988875168478443811
0.17603148332169676892889 0.00956986372724123388056
0.06129721215971952602564 0.24210252732492984484303
0.91185203716175045052239 0.84278971893858400932231
0.69620085600422476623805 0.70685547781772206654693
0.41642988994862301099786 0.33566176525392721341490
0.17940575136796485522517 0.24052894436568897362783
0.58260711890691097014638 0.41787439703669404522657
0.76518246955612856385898 0.73470823034084242753039
0.12572897067350841115996 0.89196006073546940662311
0.15041669756476397368239 0.03898479856104047902576
0.89693810010487828865422 0.99179542467096293290041
0.60046586194327178365171 0.68306490032063871264967
0.10981857409368132871830 0.94483029729973122545772
0.04975276114225576917782 0.97884365445140764094845
0.94616365710030969626843 0.72329591324764741511189
0.04420688594654046538190 0.76029305173519612370825
0.05344313257418965845691 0.10995035777701907264703
0.27755611801270430039068 0.02350210833511238994742
0.29531754133832166520079 0.35396357125787297759345
0.12134318777116377685577 0.21980479420713178173585
0.70411862258635915523541 0.51347442367444962041390
0.76342078935786228388594 0.27888655565728570628892
0.65859300422427990984175 0.67508316631557396814145
0.06697395591863848640646 0.91507746900563857739286
0.64390843894715110717897 0.02193573292756736264897
0.76235431984108170677672 0.19445550258843471991277
0.35126675607478774487902 0.55410357993460290781940
0.00013322543445672829646 0.24439776420578171456377
0.53028102897361217848982 0.08892411959267500221049
0.33959275005444194972526 0.41604176833153178050040
0.69882174996606327699311 0.69280246375314746831720
0.54264147472853374587487 0.56661448640143785571155
0.81438255391068070654370 0.78441514068767681511218
0.88618585924091364258715 0.89487824454540254581758
0.09336977027798046280260 0.09941546793182111374509
0.11922157309389795620813 0.68294010331150301063019
0.49847373490079011082443 0.62404598838348390721364
0.46347510606037867209039 0.16303784022998493719037
0.64874649856755328691804 0.77572530848220966337436
0.54128716828662049032062 0.41113222109283598104668
0.36199985258847333646770 0.04026836299246900480187
0.55000936491280272289117 0.04994615669675106506276
0.99766475492141926117995 0.21994682516953720230468
0.83995357179335550235066 0.12084321725924936086205
0.63248262952511824508406 0.65926078393231124508134
0.67491806915401608701899 0.11017191306000057027248
0.86778859446275380395974 0.70303489298642962701535
0.33790606822425028887835 0.52941555704714982066861
0.51159135496133167908539 0.86159037863945786561715
0.15537294475981713870461 0.22772692511084560718082
0.81611055390310793811182 0.45467004261115001595428
0.43680614203501805237195 0.14573306120339724056834
0.41034100076787854982641 0.06651715668523240643228
0.51143115193291377451601 0.15695946206080291229767
0.27619130294292743021956 0.53531564293066369319973
0.86002581722608195669011 0.03991931259332597708989
0.57698688213803972502092 0.02479000914108561368088
0.64843395412094073648746 0.82601275118819339482457
0.02890658945428633067043 0.60077876400531526890347
0.78927964476017897776927 0.86865284311864054966890
0.58054958100973796941702 0.86486368401185875764980
0.38642453066661541782878 0.93256767665102524578202
0.52306311185788323392387 0.32487735687241869886321
0.50890492169433099167719 0.44184245942598321388317
0.45415391924013431834695 0.08036443481998140070388
0.36772838724735151805234 0.09207297296988675716634
0.76758849925585759255142 0.63333440290568721042774
0.37594253636979968469234 0.41661227601302308620745
0.26650558633334270330906 0.40293601733401557263292
0.84541873840693315678152 0.45078074102816267920701
0.93796702414810051440242 0.88950767389616014479969
0.15628197880449282153315 0.01639337192088045208616
0.40633042841963284974582 0.74090325014304947437438
0.70132295388452248197098 0.37958034971270065982552
0.02278646297463796793759 0.63458005133410000375704
0.39623510774990194915901 0.57931403531622660540990
0.53014148649010606195731 0.40359865567190383872642
0.32771586106789479808654 0.12945737424700229367680
0.63577674289961250142511 0.04027736740427006328913
0.19300835609333369391472 0.64700223887052787929974
0.64540123588024045364619 0.40003606782980810629979
0.67357486128399413072287 0.06113410843864575811013
0.83376065184148606679315 0.28334120254051342602253
0.15743341690582726699610 0.31452991420616366324836
0.39338593220107781478490 0.79275956018310433925933
0.01088303038978986718444 0.66259819620403903606132
0.43228503396376649625665 0.34078285661465557154770
0.08571552975895237180826 0.77154787809591962588485
0.12957652615873999080165 0.98816334145289841384141
0.74803182114619348741513 0.55420491155599060917325
0.34135185205256202145563 0.15292397684851152805940
0.69691034552476305297120 0.88472510114946978365680
0.09973149838521964960503 0.19983809851704981142007
0.24337904444086952415738 0.00878505143673795341197
0.59953672992833817456670 0.44011720733451931142355
0.31491459593060339150483 0.19623955465313686064022
0.16248625587433238037782 0.13125554771965519673671
0.78027126911960886790354 0.48134542427112431139946
0.24914448722313412010188 0.14358861906623029969232
0.31358758163539934837871 0.37329161214123196543824
0.07927562570289709009685 0.29992030842459782569165
0.35394995211900748266487 0.46646017882028856238463
0.92366890007138935381192 0.42274653713934978727096
0.60764403287405266418375 0.36608462815836334547370
0.03374916347759230467185 0.87674222722268768670517
0.73809136970274835665151 0.38600893764980964695255
0.75795170173662695933814 0.52009675045466363663138
0.30159458451295861891595 0.02922632661296830844377
0.85459261859349711087930 0.20626367000761108849716
0.83771357630137699423756 0.80105393874102381879254
0.67033982351762089191283 0.29790845615062516715810
0.32562345842511686289100 0.94191901815288303634333
0.28057826003963071137548 0.18374783916767511993129
0.81480326989037998863807 0.76825053241060037301224
0.66794465801681668359890 0.91151091468577671861340
0.41066313030738993417046 0.73472127510054419108343
0.89235841490707568102181 0.44313697703652948911568
0.33713608540814543612640 0.28698988214302728616545
0.23196064223571380424893 0.90345342267867079222299
0.11965513542828708215549 0.20044741153117329179878
0.88290307879214691144654 0.94741826115004346142712
0.33833904530164399249159 0.11014095311947749711301
0.68153199340305437026188 0.05014097624484798593203
0.54117431945574034912738 0.57378940100040876082232
0.89184660478729738120052 0.97250042258565883024346
0.32095520540142130627714 0.53061210644446910045247
0.84283069037697277980925 0.56292057232444181469333
0.45103623198819542405857 0.59197303783103039087621
0.23521645696558779459195 0.99278857686159083240085
0.65614212298500917963651 0.42781384723254944901782
0.07841272244230017285371 0.92228615544946690452122
0.72696200463665472391028 0.63321902920657380242631
0.53391110421853593681618 0.60985893745521402298237
0.19359006017632807150619 0.08302459006418026754570
0.16620087196506447280164 0.17256230727014093551119
0.88162983827116425672443 0.43916513276077367988748
0.73216989893186812388137 0.98306625871548669604039
0.88521393960690597513263 0.30078212774410278962378
0.84286856347514405030097 0.52346176826223134170846
0.98597406615297589205227 0.36245732069560099297689
0.08894221483853084753157 0.48920113996335423678374
0.37492041947176890648308 0.76450108795740767675397
0.17680417081623320263439 0.70244082264564799977791
0.00603203020265835436475 0.77189157434671695767747
0.78389137961844623792018 0.94122713891054154977667
0.65718441228977264589872 0.31802143230821999786428
0.33314717224182582855363 0.10972336281501764154722
0.67077570418226251103277 0.57399051969313141796647
0.04311110773100942927805 0.19533179518718118972131
0.29823438785713207721528 0.88835374584384718676944
0.03119771591753699516159 0.51416018273761754375784
0.86329958011951712926191 0.14429599390715325268886
0.27304481286961429509219 0.44443314287027202436064
0.11906039856755301631352 0.96863501535733764757907
0.22501736578111855568984 0.32431697396406500288890
0.73926840084651612716726 0.93755425985830243007513
0.60595201179717994577345 0.79303095291761704910272
0.68561034838795942292222 0.94617866726797084098166
0.19991854747739767894643 0.97116181325646644406646
0.48952398238019151355260 0.09480785245796027882470
0.73937404185685628998925 0.03235405404289658920503
0.95090719005615476078219 0.18902760908851995447222
0.72988170557974674235169 0.45832601328995592471216
0.61989207671080548411879 0.73877764742303897449460
0.89916860218233340962257 0.21091338981246327000107
0.15078309192124900173226 0.79068755954459124524192
0.30018626051640168173051 0.19867744329833156302634
0.46706693576594643380062 0.70265208382948918242050
0.77220809277927571212530 0.36133036001664303737968
0.72310394295783320117721 0.56345089901807798860034
0.78169930570054246832257 0.64860877337121702890244
0.49232478103160548510431 0.92786362224706464552071
0.92611481930564809594841 0.63907266302000986790688
0.35630828649068208013873 0.21899658134241270501796
0.67966145683743139915833 0.38398911816653641393415
0.48140493060014644122191 0.84704537153366843416080
0.64004140389644781361511 0.54173024559889171314353
0.17098145262249847542435 0.09022956415409481845114
0.57844618713240447682722 0.87319190464098039861085
0.36132063234432387766049 0.24511593931631756038136
0.55294764120463646417392 0.16747679419839919812141
0.26920924746073210398478 0.81692300881716684024525
0.78987422719107081015011 0.18143988802580199304337
0.75083440521041644455380 0.07987769760085494663571
0.77799242738363039162408 0.31568204940893351828635
0.82657487177609345607721 0.87844304752815416392764
0.80451572710687802025831 0.67488366252109321941077
0.94027557860380428511604 0.66747590838326165130212
0.63858522018947860843241 0.93489250900512432806977
0.44509342398584417210827 0.75228298949441219090062
0.54856074255032671871390 0.59283588179257762362795
0.78881925221317394925080 0.65633126721855572505149
0.35764431366366977727012 0.43526664830954114870920
0.15366601500183943440625 0.93690935478558612370392
0.81071479754756514690683 0.34532340211732337476036
0.96327139383541904305019 0.77467161802415829274793
0.43000225353541204897923 0.10506173910500601897944
0.64895505302155587212809 0.12604769258490594596722
0.35715990775179567995323 0.36081086227738656813102
0.01688857083181650314829 0.83747070815500823659505
0.44276747205986227706731 0.41742152689393108300209
0.80251993025392753811076 0.44693771071719012866197
0.35663590725911720191732 0.61441994783968301163668
0.59041108930640373575471 0.41362641247276343836603
0.42468030450978844214660 0.64514613192913783379367
0.19325303437546170748362 0.86081988986080326675676
0.89205004553590172555744 0.50168557760175414017567
0.62218897910242731974506 0.08506463516714453387824
0.35699335355324762764084 0.91826880389330733933662
0.33086591177447627343255 0.42374282266658747087007
0.42349777174205305296795 0.10925929847357830626553
0.27264585298531957002766 0.26646823841854017089759
0.95367945818548627290312 0.33194684425728726573368
0.20901167874799334023272 0.87901417027352291011510
0.00071349054223671668287 0.05364815548592519883764
0.29927422657111951709297 0.13831989245666417853720
0.41170995850292557705075 0.18455116084232114914698
0.01800419872502532006586 0.32601497677910545869295
0.57951007827190148535834 0.32767704976787320747533
0.20978680785615475001826 0.06619379801820247932742
0.78277119380221171773826 0.74897480623277257194559
0.27450897672699908769189 0.97362827875309043701435
0.24524752963199200617161 0.06973789828736834395251
0.06982176467929851471084 0.49034510234948380791309
0.41330556533821610765145 0.87146065911779613255561
0.28596808241532800654028 0.79403827545243954588727
0.52481352897825661596443 0.34847372852266539355881
0.35015826546991946077725 0.79031955277352472499786
0.42361501110027616201492 0.22499181400381326745297
0.20916516557953254706881 0.23292664811660065971033
0.57252059604079774679519 0.31677616966052352109884
0.14767529559092384960906 0.23243735181514688092896
0.55509975181887893924682 0.52173818492938661695035
0.84853722927247376972559 0.31483177873323264783778
0.24330672854742171895559 0.64221229255081102582636
0.04754948004087862500899 0.19057190925312009199821
0.68552216613841587822265 0.04754998392477554486346
0.92271879383458688117514 0.02487823952609849106898
0.96450212168860149919425 0.30482714227543167284651
0.76003666058651631054488 0.59117420372214424251212
0.54441681501627015027367 0.31117290182900858575010
0.46346556815120404371200 0.12587325501245105741077
0.59857802990213759830596 0.27044152966797713188996
0.22373852350641959541022 0.93693284266356058331837
0.03679180357665905176656 0.44163817711611691452234
0.04260767499413127545882 0.37857159130321882400949
0.40762786946829920875501 0.44994517126612326718416
0.75301050075581044129791 0.34893363289819862016472
0.28809350433627617382726 0.36798443269810671152342
0.67450994931884467042948 0.40385195762232056759800
0.48607962655741604462989 0.09822017294624461880570
0.06378366979602220765422 0.85978219359182816994291
0.45660454592836957621316 0.80981215522368965586963
0.38584561116528015567440 0.89673178518957674665302
0.88513493970429923951571 0.25824314416006016736915
0.98882533846763964735516 0.97830013833427187375236
0.20838964355691588781205 0.84849478935603805940247
0.47785825079770727352724 0.00474654417139806685672
0.11931826694013800138627 0.09531979488509548237296
0.47702989840493098538943 0.37829577959866306224868
0.31089072214163471219450 0.43219662053471580298591
0.21507795900427079116568 0.24325575065235810479081
0.19193667926091259601229 0.80062783671175441480017
0.62369839026837270434811 0.18692834033308117214212
0.15058924448813670871061 0.69570716129398990634769
0.53536276280215122636008 0.21997009927519037275623
0.45317227116196229230738 0.02384003542662072039349
0.31352641204575937283749 0.08463209542889230108109
0.05205382042413926602098 0.91482680903302149300060
0.45150564305473589454820 0.17153336244321479298058
0.27610400888190805845923 0.96651184415705604369151
0.34372973242201959598319 0.91358885748501483803352
0.71236168869821081539584 0.19789752811543273591788
0.70328684334663527089049 0.90941140751857674207059
0.48645759467139432219440 0.12502979981680192866911
0.98053040254367485051290 0.41312996333298479534335
0.74560410755346984146286 0.67363017692805626790431
0.70327389598455125607757 0.98540247577155470892762
0.90171120308410290800083 0.52450428661859382906130
0.72104814159218433289311 0.94593275306353929998693
0.96339648860397153473656 0.98528084303585605763232
0.34876652456444795502577 0.45088722433393402244661
0.43810608871768430550020 0.57091420159716721460796
0.91417588158710427759246 0.17113429425245382797804
0.15124965955277314133554 0.50740071311759493699611
0.95482797249059780941849 0.92867781405623273105476
0.01174095542470039200966 0.49994370768151719097716
0.67523666953549643654497 0.90381382393380860218457
0.48528487442774675963975 0.33089814482855522959071
0.32506746113260087671648 0.52850018082187633083890
0.55882426863823408957899 0.68558277550470692052187
0.63482052374507003111859 0.36643163562793623633240
0.16483998017965217908198 0.98711797416104896107925
0.15433065421120964466617 0.28596748944746397391725
0.88653256848706130099913 0.24577408368493580681502
0.18305647044891193431226 0.27608142748057123982974
0.74309047300664599067233 0.59629098574436401047905
0.14741289348109240520124 0.16468217500554246934819
0.02142749010253120617309 0.68129337057435790381277
0.51643135254852157167704 0.95033132034486700323583
0.55461698168419737431378 0.35103013353364126425404
0.73756068791755546865119 0.92757350137331162631682
0.47564721620619532238550 0.85077142162356178545224
0.29395997310021032555838 0.80398576804104848747556
0.93894145670891338006925 0.91373642777210739573945
0.62161058787984302398399 0.41945171714381257466187
0.72495910534373120270857 0.12330306589524597793428
0.89423044412147101311916 0.65281869610879339482779
0.62608785637943720203680 0.67893266521236605992584
0.65331786226374066739453 0.95886204537851993379149
0.04890101056003633844815 0.87860905342589368238748
0.16249688498202685682514 0.97585708964613815386002
0.58881572768444689902623 0.69325182339846291856844
0.71012433442800537708450 0.97087235782715408660692
0.39446398135217686231613 0.99141947420971510140930
0.35484962369233824519554 0.46891205742528563327198
0.12910319102838188620730 0.01797060696685675446060
0.89748093186356547867888 0.65346671296228830971842
0.73864149911911480828053 0.66132002195480965589525
0.30352970528471334699105 0.71807575326720440855865
0.18842014668919118691726 0.47006930585333817074201
0.69041098349292961966484 0.95927059014003723813602
0.37682342761525783325638 0.97208053859204712754405
0.48250437016271779944177 0.18919792526995982129279
0.27007945767309204931905 0.33006318018857849772019
0.63581311036006293857525 0.17795523993905182358333
0.78361180236633776186039 0.29418089279362075183499
0.91081609018637421648634 0.54786053001787982097426
0.95715792522159681698923 0.19691344455961251602716
0.84832824871557377388598 0.37750475425110541216611
0.93184836662978565158255 0.89452508310397849111695
0.47475403204795679767969 0.82482770580774589230799
0.01996136680184683667716 0.95252810228909245982010
0.52394559207615865048524 0.23006375351462185485651
0.02322922341762650305652 0.12632897985305785448773
0.02320975396053785722028 0.83819631513922232546321
0.46316418795557684484621 0.73784229970683135046983
0.60522766416057127702999 0.23272630593099807860824
0.31147744171657504308470 0.46322601534643453868867
0.90672451236537210395028 0.61691257555235157195028
0.00041205817166923560746 0.66436290186101920607342
0.42729989751896829686117 0.83385479672043816279370
0.51996246698773151972972 0.07279126867345131479681
0.80040004222352778562311 0.41334329480639520060237
0.42647235460051530209213 0.59407881489808356256788
0.63071675631673040918201 0.07095768549396250235439
0.14196782642051078426881 0.63050002267222138296887
0.82197122505208697340606 0.59468084461721149036606
0.15908171787385796958070 0.63961724555987897744558
0.54602380233788128105488 0.59307786149799224251211
0.99247427818011868527748 0.78537749049136285073303
0.34419138605447341383581 0.56368264183537630795939
0.40916692611557092806862 0.37210902212945945466416
0.85816318193306395656350 0.74167885754655948904457
0.18489784540888501429556 0.23439285712712698561688
0.16612467874945252566121 0.71397425016473525793970
0.02523664403972776526519 0.73077102761825163401710
0.23695542371424233030197 0.55187250455748204647222
0.84916883953349253655318 0.99766376882716634177939
0.58827323869544667633846 0.30638149773042278045665
0.75281384463560829800599 0.80500420783456794193711
0.36384302510513255590752 0.84350316968285343754985
0.67019515275357210981610 0.50107021003074481146911
0.69736395758160008018223 0.56110084453519615266259
0.92000549923779995076245 0.77876916313436317373942
0.65556692149436479599700 0.13274376551700822757240
0.51557988431409518259585 0.20558441012370892719829
0.02312481587143144778906 0.47913853830067021366546
0.49902713228161454939169 0.23962163078711229413642
0.91168415916052958358762 0.82085113090644012956432
0.37190247142763604992766 0.27918549971555101096854
0.20712214336089271315977 0.12958094795556987510743
0.71094169075467295026982 0.85592237581110730548772
0.33481627581096029544483 0.32321907219081896789348
0.08843627731316081042046 0.61064741890225004983250
0.73367997192201828138280 0.31126189114861235740506
0.38595666148755164437389 0.13592711669352272596534
0.22386114975289353457022 0.21011557496691909974196
0.88658976353657137359221 0.44412372683682410645645
0.10838489691044396467934 0.85248614021840252163997
0.12744624312304378421778 0.34648080950535747879471
0.46320724946871999483378 0.13304168226588414247757
0.99281169681365954993169 0.42595730678454152284829
0.02803896278506007311293 0.65616768585634344113089
0.31464161055926520571546 0.89138122195730740138231
0.19623157103173799464813 0.97804240311499934801276
0.71828129968187004461555 0.31581838009171220305049
0.87681458663541644860118 0.95692459574647592557284
0.12005636865156561754464 0.80670126010681275641190
0.34633037403691840916409 0.23991915589990175927682
0.73807361952954853023812 0.40547818564771426208537
0.46160165385854118325071 0.59668855087040084672623
0.79399599485287741806872 0.76330664181543894653004
0.18033291082541591521249 0.05629537478288903357138
0.83496686986855273016062 0.11751606477497986147362
0.13243739148731908938927 0.37064542875666212085051
0.69052125290042354333053 0.53843262381423406814918
0.46903852674073487349915 0.50111210921775606319528
0.45800165556845412462295 0.10874106191503321583447
0.85569036329520942185667 0.25732964710466893487606
0.67550962452789453660529 0.69390343520571495794513
0.74389141543154835289897 0.06570646457022648323498
0.70390258927560367396836 0.33110807362921279572987
0.63039505698633846453305 0.90653333865737306673793
0.68823557770251808651807 0.07674751822089101449542
0.58838382375396247603305 0.53455265070927682202750
0.32117702539683024021144 0.71800484937804487373114
0.21428480503677685420350 0.87361224404561066414487
0.41308501263376079526424 0.67450791762398676354451
0.15643918619065294572934 0.90320980875804246501559
0.45651764173976944194422 0.73691379911020171711300
0.14135322314182416358896 0.65329449235313585830909
0.90149327050913941050680 0.87964290658333721406592
0.36858814520264443492792 0.74588950168743783919467
0.72131496562075592127172 0.28004977873139830224503
0.32798374532783225454580 0.22455686662115298402043
0.36608956435369688353632 0.22912377256198937502951
0.34619223362633616547512 0.82626820310874582453664
0.11109687329473094674626 0.62217998498411475338798
0.71391987642841714389874 0.68436325897148442276574
0.56124308717297954895997 0.53880752413607524431427
0.11473115879645240378082 0.60984078405777031317569
0.26351427560185847198682 0.10798243039077030924755
0.12024851955527367242116 0.18294239949915666598734
0.14193990830634992117432 0.81368376711483070273800
0.85561118248836376398714 0.11908261009115844730744
0.97151849448150617849507 0.27866013941630818351314
0.81697325583958080308378 0.55394202689978355724776
0.08573433169192659630831 0.48156229070577150075394
0.56784182120017134831613 0.72107605721862189085414
0.40720070778149253243328 0.14375519867237668281135
0.45161112083134968830933 0.62091863340645303548371
0.77729673876470228854885 0.39176665271779126387131
0.46251160188551054819328 0.60439606984294913516464
0.04483356080759607481534 0.87224406285209488132182
0.22944869228504216618347 0.96930201384957959120925
0.09532427776270233077405 0.58654064086595358862297
0.67860723385575205668374 0.23832047866499561639131
0.50575809178281061484483 0.86661516624000645148129
0.34651398954509804450907 0.02714094802840901279883
0.70671285472076983413814 0.42605996248164346162923
0.61785900264340287701970 0.13693416620820292317617
0.09331823716582204886194 0.97739112721553211837744
