0.66531637896868223158720 0.39367936897671290674694
0.08072773547635549162838 0.26304455665528370111872
0.93367004002399844875271 0.14701985741579234878706
0.64210434429067164696647 0.48199586390919829659296
0.06152830866663615977386 0.07878216070205765197976
0.02105586577680561982673 0.09146152862627310309307
0.46890847185420858611593 0.56784250911207867495989
0.03932898357697556246393 0.03946880690666122043497
0.98305119273123775514023 0.82430546717927277722282
0.44393051833636276715112 0.52652907677591387347604
0.22707539673187290829581 0.46653566301938059757148
0.02162307674236850149607 0.27884943437224329887414
0.42021404261082856423926 0.99647830962868899629115
0.14312255440708621101464 0.02501621762065192600133
0.40378246817857593731205 0.98439352527750278998298
0.70687631946520768089215 0.88133535557621844880316
0.50434116250126703739909 0.04930134612803504373657
0.29665897482379033345268 0.57821943324664026864212
0.22126877697745650497296 0.04324973471108062988977
0.66085639380625316174900 0.21725754840675454149235
0.95038675275743855763722 0.03381343377455479221050
0.54565871944154087369583 0.08562085183556494838442
0.69224502625652684084656 0.77202858211717229064419
0.28348180236252507047112 0.02645810186883009243464
0.11611715895016716526555 0.61939578661308614115910
0.04667312067411187592736 0.36710899254621881526717
0.98141639152269211088253 0.82094980296290531729397
0.66521839000764815263977 0.54272101185642251941488
0.02965629835046453000036 0.12725904494274561939982
0.95949713780591994183311 0.78500859864717187353023
0.98455268993548794576043 0.48535512283192089322270
0.05627980106188713166349 0.51435040887809169163347
0.47798429459605445979165 0.65720726587622035896885
0.18676850478330409011107 0.40439380943485464525722
0.44755198072225438332694 0.07065172968710900502920
0.87964916034562345981129 0.14691742864622678310660
0.89629140576175247989710 0.81646963815069717451678
0.88386711080718793898114 0.90048805140665411084200
0.27265653615476564963771 0.55937893656557557964248
0.64664325694544666500718 0.28691886924988074802911
0.74123322005759806341274 0.24950623135549915287967
0.85580899674681321087633 0.45596239705279228981993
0.82993946156263176394674 0.44562332127935200265512
0.29552064524586979521459 0.64984278993470523388964
0.93271566667578842402264 0.69761471205462310951617
0.71780220124235749601382 0.74174759045950722224916
0.88834202957336760864138 0.19036384674971823516287
0.37580025645703801773223 0.08473723103614833052077
0.14151217707976182502705 0.26291037323608285047882
0.57722222279319002069542 0.01100538494075431472652
0.18885996505952454271871 0.88077998437117954733111
0.44294221179503734386884 0.49236371328580286199639
0.79948073258209062519342 0.32282005406529590274545
0.10437864987248643422468 0.95525487274811460292057
0.36119209371284077825237 0.87721297516157104023904
0.73734360137505161603144 0.36746484044846589034350
0.60220642673071966832765 0.91858443911412790416904
0.38750429143478182236748 0.10462578933145609549893
0.16562041400977298155617 0.66017349616670151224440
0.25510113730926686770317 0.94419672979783941801912
0.25586780067796260906832 0.94675672035287039562945
0.03457221375570856264359 0.90272079592268028580548
0.95410065751350092710936 0.87522994191301506372582
0.94792554349299285032515 0.84827391921347483627613
0.81182246262761736943503 0.29549391806750130440307
0.38288320805861891793498 0.76763817818072022092224
0.04353382064423221009530 0.16273443979223833899539
0.08750761859840403000810 0.95837957723469890947143
0.42429000328913041295564 0.07766938805029545422887
0.68233416533620305788332 0.14820460018555892123260
0.76311682609781239516877 0.95003602746006710066951
0.93205150804475545012195 0.35533424388140499861066
0.00447977038796173315793 0.26298006915625149471083
0.25169547696121352675647 0.32977973480623690161195
0.86411766114801991101046 0.82546636196474854063609
0.14312259206348526552333 0.62828510316168217908483
0.43034792389387799271816 0.20726091404309501808889
0.88596672314255564550933 0.93380755408544746654087
0.91169351869981263281062 0.62447776611140548563839
0.19440617344163374502486 0.38225888174466343683022
0.42917677500808204538174 0.86968401468746825422329
0.10429414816799753573662 0.36146853992068528338422
0.35394001423861304322926 0.84923170076269205441832
0.52665193056906434154740 0.46821248758070943551957
0.08041987604138027545542 0.63286661703083202379361
0.68327491062812495403733 0.73029864882539541337536
0.62072364148025716001911 0.62402711614560524289175
0.26254425240479112302339 0.98306549589423763979568
0.18141103783985498831832 0.60756148614219585013529
0.50265932248320810415976 0.06461545169561912216327
0.29892795105997538307463 0.36177336264663084719473
0.96057208966358198498625 0.31827594195837766166690
0.45244199346286850804688 0.08501433118207321615323
0.07356966261373373838772 0.53155638515296865787008
0.58140697275977304414596 0.48308813865527688857782
0.81916767823759606415024 0.58166512132260628220592
0.47421257981027542527386 0.60920401263719836659760
0.15188084853827102382873 0.28949996169711411653225
0.31329181719476906220478 0.71900113675921306644057
0.95482683703422066567867 0.52988315727537316224272
